4705464947620278944196495859634697772
-192227097724323918395196514403
-1440402392867182023387680304902287341666990
11913625195746325627514781674685366823366597761195648877126661111997689958144416684185820
1275829277031
43435318581070396451900
10
-960406962217313006049385550286878551899449087772872262
-3598274599152961274776
8
4848252781568830818756060018888876078233224197831424236856051352263271042323502272746702777624939126841366107494480132792984988206849280826
10
1374969307181000060114493883263843840
4931974944816421077106708559946862417981
104
600
50425221608241909030
8571672644772698915605
1705948904332250640291
658
17416681435330120
68422704661252546692673453481639
71
873
298
580
91713954559297654085262849221433770585591
20384825700
161532416520485862672974431
20175892953086149725024513659871977230786376457
-2907590893720479042197441
8059861201039744202562239242170317863684155002211215001337
358571463506888093875320
3485593581979906839598082426
689375053324177
1369156373274218937634
2025
-62834623320444
196
3191776631838877001610870
46626241567583420397447634076
292217454860335830485188691815
-30
54773189057424805095270651570
286547542458766582643282600194525236
-74220810110009701022618753556130495280265424
1301130119250662506209923847848197170834227001306428328
64504120932190715088325450683943595
8850
108853233508436278594722670081536725102747784966384859230760442999211542864506673373799893462899637477345
90168519456635624810121271350183383
25
20333416521767309185040135039843539080600
406277429564977878444321
849
43487078335892810270387510316547889110963727464472193038772876738620838
130763168216941778
906792998420625758479538062987058483483384329463731293498843611
64394889198312156
-876087240979993148778
11630128638552561302378030725
5970321965465031746610808787972139716603845801600
371792962727520143604363090286324756955683958528
2398013624491067839255163044681667768160
958
739
2020
934
-3792622465669373919429513724201037228301021218439
-17713250701969230
294738097110247370546968
680083438647997047887074289569501818793477744481746510285863
115666305616805169396845319780092496990575403708058620
2020
-30
14986451109078335721411321848446274506486328
11123462860351209197543
1165744745827215468129752085377
1850
-1828824847195732235907474054073371323634565617680014440283544115008151405
1175712797720359710708160320
319805
15
353
-30
-30
19527567315527918467575668266829590993019107825672531
-177202355259961485981978303
-44818640020628645
1172
51
12948085530497889864949670207497
14354324828458650
68
63687483510523117965997606546663628421
141
-2149319941381772773769456702536455692
3299042318699603431058449080255499174715752992273561449289687
6162851396208902997
1292229555374750678069526581896216824093833193924745104744570925
4101367335209232051999737442149004
10106992180893453594885439283689086091279242330716939363846899
761
5473260051968053046729302603368613393019274314177098822793682949258434
139
313202561567999933839950413936256820839756343593649
25438927500769262306727124687555
23675929578686097406
-1900603897825708158620111
1454983534026428212300359435315471391245711738
9837209887979390746
-30
-3419918231658424587832063573788665236004
9017799914151864808143624138
5792693897178392797469507087345155895329303874917597013856191746804903502357788358062656031467883689128430
158836810562965219073757297379442059153441614597142080905
860
55
10407956154240151749814268158577491386611838
806
17600861085834844933331528668380746399683714290030866540949485546550931416151600
382294681749634089213752738406320362543313
8756903911211040880139363524907527950038324624549
137795265399014965760639835664860071023596832961881172074836113506000276393406703
10
3966259838811823616146541339393306481671075269993613
-27743126565281091166857012751820949596722008905920578473306756557010503
725
41843004553974271244195
30815479835927287526
130660301794947873998996491470435796055263096480253398722
-56177996385648938964679913308896630864
103640403742388300771665008158647873263010391080750009116
2951746600210543210115465499874591034546179552
806151300955783149324836087857911672029287393976379618718393427864249772252592261588775692556765
35556359577477481383307820730203649700507983011216437099798549815
862318012334467045
29496610871181580843846977704831638081291576390049536140539425
-7999004228529296491506049
2045
-14
94649191136344797536089807371377893773
-6979851094451286700141297701476098894018260480255318758841832
-889452378739735493656046398830319119
-295655232391190333288989386902093173214726081
10
23872612093580330055542217748078442173656903653
42762015068135349649652061592
8571796969348894969324328201494415020308185716588357
-28091349950565687649
-2397295430438556770723629477138676
134443280243280948180130330527096
598
378654499768
-17379763671743829973549739
406
7975843287022588405112113371044700264913751781449
-132028294356
-2583704861942406523230947533412670
726931599383958116212269033
18204632575903535804722297
365662807538672739506616489387329337263761372560106304518
28606467211454525758285687506551900350943648145124140
1520029130607280422262611762935045834131476552250512017637684022598991534
21609682387813998281884425942666771052014058099384047318482424458554602
3444132975623463555564468
10628106278284535625335630
206237471145446217139720
179578010
-1384660247363393429000
132078681252799978917
148114104109490149385030009552490608555182689371960045579
2331937670622936978697929
618618959928280095290584597338695385638538979
-395207736645381278855715302776942
-243854310370954227288483427773
2020
633358378987228
284424216290590076715922401911001488892
-120562853484
35607321896214139282726369232583814
404162421019798806530627292541380917074554434515706997349236
69
30
6365456862114809270224575699825897570121723505019
195688566006962824067520309717763993276945903980
2017458585893138271232501114409605104106720364072055641471714701111680
661692320479017433034033369508155
556
234401319827889760072441946724536506408549789203
2137
103591572428258249643997815245862823294401225
6952442857397702840295051082643197802701638
2025
10
288306115180950815281817965534818590144821867878338801506960011162529936305
143800362294681478783293
2030
150
720
145328591959431174950955949241131529226537536393910798
2585470230909278196552111354811714456485
-2422671941590619513893500411661407583039326775986
631
138789090939611785378147204372924331856585456324
93
1656597250647911261595940704205949
-32050288319162087776615579235962979930453593614243097269423744129032
838
-453371846201115674331137553
21701692136951143945813823264254088081428397
4696098826199379452923071
-18157123033070846924027882133006319541925467575515759268515311245886709327204669386262503319129597621646953
9925723542314586
688874882002135
1160425777589831646384
2025
2735
13513700
-3641573968920452626822964165180332
-50182726098057166470460705012995449796079111892134
-30
11688346309109511673166730047937835878929229080591
5519385473115100964977617040991255189684720
57973433048218230328828489925164
10
62252454888863388536979631629791964056667172
17836992393914303733062
6986425523346271
32168315258146563546
1001
226251541647100832233722127815934846
162216177344378969541582254468086362871017054041764
33396250600313267646767638196438656783349112760989002
6701650892409293846570220917366533708936277237409893316502270933223649177
2554090754773476215340028420217442559603759448809948150198424
92
320036226852072866213092691710277033688432899692
2791665667662986862517349945016131338365976278684
276790670628903
930
46347646559630238017939
2535458787646915158021361724822416060189066806786331975526782986123531339
15137681938704879177687023411902865610291762588300175
-30
-13558058828190254125015
-40949042908522238826108619400315992587667842056543854160317546282814651645964
22501047141369497334621196722419355717477748344671378402804026261684783
179
1183980298414554287418955964446832132016259397078106027388000899
1011268241088549784516525148457083160645753785288847748239188586
-17211127479685040974926805752125268088209998550
1690057489975824512861065
1575129264551647192
1100599325313488704297367196735550052682721120561
581
31621606049223717852197783518340384642733340893651734
60040597052863
21840504168883631247173691550
10
10
293035837581933984781779045365
5104303814871672325189681842871580344763662566724085
-20948045775077313789721203257696
1149
127833109056904502418
350
10510309135297048916
9556507734181742432325103874
862
207216056511895698917942750984554766931008336793468
1050150738903208577553023500089964067962018683148294
1505328984935725940945675692653085602377988167
-3678949607760
2025
2453104178371441622043868141449261
-64510426282792366198075928156958482760
26762152867965131600572703233079445
-286317518033250773090817057659902528876448
25
667792980942045558049372869572828236338104089516082911595147767009364963626555998157709084938
-681443
-14292897078423125168516614837859069461215435703141902993358510259756551494522841833762352
-775482541613135824302168131592509613621
31232901757242076317014961315
2680569025109583198121860714660556006952
2340042509276987464271330104905241302
1054288181780014624126631
110993812949908971349000140
-30
296794918481128979009
1494791964416584304558392427484561924015915571891628047395817880801434833024965
-417702553651474376016820
189083045554780910447
25445450841991933822340366681334907605830983773830
-809404896164309232918623901069364979968
-366387646537839443880896945655713857528512440432405269497025852
150592857237642716470723077
138445323361261837444535453094974150773794697715850282928549491423035
2408611721814750988915
-533506493064064621
3205177005470596476860229886442843544479624781365341670455993570339400918338022734386799221651123417
5905282859638163993337
-39228714477782918454172171
774609365580747144783358212
119071770676662952708180924212
400
-269483051147438346
-150296491525337706738899
-30
238245699825001107719821011039936
527
2519636266290808
-452272845498641493
940
4484086969559390070
1728157501756081981543586441671356230216115
755
-132883710531090625977012
-80888349054943627105988890783129987108726353759093013
848
17003199231161484446240103606755
7385211044477882555123858934489
455998
25633304953174559238842252
52324294734432557388354
501734557068363373
-129686529952272512556797556683141877482253669389471133944858593307653280
2360100809547952122726010
2025
1269825436248280006365
2025
81257198268840202771651249060844772265171970596537367734794412086091700639300
892
461
73028897243193930288822325
429812552388
62981516033292587736174770944542297601132287412642023024
181564334042016965213622548174488257758
2020
449242892688450295057
959143999978553966100236369758642
323802996486761237858
-3591251666539454670399792811494618
-30
605
2030
-6668192256830962025286293
14715299052379336909527
-42248244327482920126595700897434382
-31119362106465286507793146930527169
151099678147613756282
-4457236577074063404378078
4549254535670937679679011518721788672605
-355921724426940940547735819305364463101388
2020
719
162945796433700284347686600534165036584736552177320164
2614295729741879047821239151
962
-1868230552992401840368806
485803488469806
1386928202792447413274867285128
22021311364428887994597929083967880
34407701060165602179841941420668218388139
910
2971832418145901950252098726350360157848344668999138937977995
8435352
8655064845574923951744992015316
49370559613
-26886215469779390539601606
1390
313280140475751701406915
170931202622491359882332519476624
1086647227947927239516500897254178754836462063494028798767927490324
152869853083880612239158409359065958358973
796
94
7865371250330553645
80100545244158725524150522027773060889207556712
24548812322927620381358775307262921343203398611507005
-125145762991564022695570834513827697322152501712
832
10
309353978344294610423706301775969689000054257802155
1322258055829730491429802934317071922236
694803256935
9405307537392493
-57796076285299728312746195862591116760292019460
35991881375937128155954683705355696767357
989
1288474567456437079857940799221088194595101822912411655188082268094
-30
2196641011172075228260148599110
2020
53
-24521394615957735036849093953196340
163620055197470334118457280
1880247938539
-7309124083065647419
407086433066719989903
-8585880044837135112672147986413407119763600
-353423254299895021729488239205595172
4024238779426579308209
22519329986702806527472654373
-1130270694378312968714222399350225809
10
403
425592576080535360175005666591444913745559319874807763729145371844105
-2957031622913389229853547134685613727414704107337977491323
2525307342743583409985821
12132682080220258511520001486415995601374396855920
10
10
1367391063922741810126756271340
1138674564515260221511517422022565435493016148496856218602939545028604427157647406602063300040
739798696308854972691443035086136819530589616333733683069830058401553365440261
-1478683601688820051619
19992478828882920646789224841805612009730
7083254464371054738672742198188948917203936718445811610249634504738939046656615
2020
24389078114123275303915792188974190263268783294025933811620503797
21830945462413927572
844
-267392648654105326
10
13030027090036305656025364251060113239430059513575
1464806320396305886964069822318740238
-13225412393455776586675955
33192495097070641072
5110255032146828380
2344961599936670887557800961324353545549538412236851437
-5932814486067957527688651405335006952758377047547
70076000019206950617450290720
45094480863630926005311660
-58011668356
283533544415941367809294407127767218357951137064352
83584560166247568881460436704419578508297886346901004
445
-157
384
48004231155439897864997775606635
2025
118
624287686217618262652376644375729
3481956233494217403413349705155686266798765114847603662027371228396031542406
10
-374159352718404420689
2053790821933376166705
31429066143218738351742
712064056177808392790202553715598271
177447788604405238728662137592146313
2025
729690221665
24284240045800911612195137931254477
282619523236887405575
19257838654362135594418274756089475288
-30
151
969211443831184432692983423
2020
2020
10225844708938637446026120090702782321717627728994042944490
-269575293645734203436520049246536478758499705323959112820688329858749867827
3893518644124071
-6378657715712851041723428001694454065165610
-189496397295765479660929794461366808694939
256478549441075
1402339935250344401141313364148929934989714033316
55830211450884976119954403148852631900144909394699094596
1215
439731486594590496010491455487504435932
-10500373010911297089505412444
257920214156339042762169092
-1065196186563181015779724127700
-12489189174663760850593062992513443722130806142742727
613
544223890078545455900
30
-52633431654427253231553274144395171387361706503447338854579475491795
56458627566044754761289769
2893630347773221215752864941555814
2120841543771937849696416591675320266310932
2025
4607731398505183677313171882215
38646729344037750385889194228286764987526171819782982407394489862661545664
-2653124024740318889448194334639681709122618245942170882818038030651922433
2201606315731773251042136
10
151
761534862053087021063281205004609243
-17911222714223850
430
91748640832911189846186281527643680219258527
-12030615000
368759074598093
-18914925654491589742904172493713696155309953149349061204
-1103502273289608608514597587214995770826499449523840
59596268834337777275461641474252679344812647755548220664744070
172
2025
391
-48886719438353
-2084363653116283818994609770
-2396220985387988124426661
2337
2866610877946953207
348
82338
2403809030714886156660633622373120161707827880582572138053282817
2025
2037055489691198500598301612919228322870898
7396130117782977309915749986417811016265912807580869791362696149959022
1922778591862601963366000791220015991061447579579311772047110
92303677528008705885616515408123282400897507599766059224271
3397740654041153509040742399416
695
-6927002010892
85598
71003269609731225253408375342131685216541410809383412642997
712
159625284909401380501455785
809
779222202761257608112
624957
11024566541749113151621660632574095664
576
656591803003109
15
-48223915060572882054809232
23158099035950
-30
15476168392767926958208
570
222034514
786
4421137365631089608845643282122730481263353547831557
3696620628158792851849529743171249
-16248108424829800085204748184320155421100036
-112944577065
9844067329259160953211309705558137526914332337238014592989735402756684
2025495150382833536082389094
1579127542672175114319240517565
-1807358146550806333416494727249202274985
427
21867852462782159169425972144057752028783099963767
37542783736908093189733
-60480102007355401535398719680422288967089
293
-55932711276076130243475887819176222571808888477054538549973
304006687634693912371189222319
371
132485
1944635838239
257049834469255954028426012623400207576146392392
20070286609003359040336
10
2020
319979542281049689310025893211320
120
910579254432789510534396729125397208
30414649403491015656953
-30963899848890074
-2408864394171524357045984241397
3084611326250508257761034243442031262
1362428408579242405113776607288523223
18595447593823151649970
3563016251825999091321745408960728654456
-625532329436983020264687860503249391679106659
358156406199455484438087573709185056585244980059149185452780685683693018018062835
1075628507605010553366549613862921510263641874289948879097084752894848
9727780952751189
867
5183961274038335653559521020589
192145
2040
529800758113664842145284995536169014845849819126937282193
-17338686588955950362960182650467592117036995737000320814969921456822032904585450231634152394478803266583999804
304512446682414966787433
13998270717016823366265046
103770
15
575057287629118177099056718402283912
13330299726729991269832729
27545912687057047759136475229274171
68900657409904779900654512495201219311214318109593747191
10
7993710743839786416387763
2363767082904160893432828800999955264025024210226361464920810603696019262000
30
164334676116082016282158781530326035259001496
-1688212181724368105952254827
3392829523764331
753
-30
4238678905153229
-52610221990692497198659833631733334346231423370370
2020
2334645786643958875439455931868154007035703161556249177604412209792564671064390
-30
-806636317906584141
2020
26857696997752002639700439212547282359717670934
3659636880993456191063524338664814
8927719959908491008320552996547958048286
2020
-715860
2025
791067314132356547885430582040359996081983
-1829666085
41450454549305964237755398190949075205550940732564822420622664541157517524199274836280678135777630010901
210975986902138047060631513147433956106616330248123325
1051160918291405842943312
52248317754491792081538936580595405065928679547231542
304
117146789860494902604842819090
14645041296921880634142
-1092754847901466387487
939866999590879038906045759525958684
135732810098956417911634068836
-14847063646349659890848433470034170303253
2020
773
-16676604000
21787562109686575792058416183779768
345
5362505434287545988964706125753387413570321946892778414000230352544424437
-13307398593601146725041521036133
229392239440444647825003079139225679676
116053715129121017331140718476268696845217353526797309032236150413074735207135364694669446318205000
16997183818955944041397280458411596786610015830
-8780771888851084
-6029137821970364
-61308097365163544644262783587919991403652452693804042205876719
-40738483349210439179789044030314824362
167369907663615120994863665
-335037605425631089910638715
813982274270858846433463535140253570142950565001328957518313235760
489597812688195779863438843797
3570348247170815530504390262401684
385583504195353005674
4816
309613990619937442
-67123368298659967445680
7944691153221050305396117219
-194570622128410284046482814833284446818843262204687878690561512
109535135681693972326860
2030
3431886000655802306341
192
-15247290415842
-111300
99813637889792126401600831008649450
2030
-1316520716520093918685080
16417845821903707675585813119
2926607366433725080420391190757360506141
333
65485145478294612342623803187970748646200220413376234994686
60747848898891187481636590316847405711
-6366091969364843516100908083172600
6639936279899175323152
-21661451298544072665098895184652155252882592
42527890547589530835
3188598740853988167879033970
788
23404653524175726507237598460774
-30
648281143403209566278268251475779040028
582
-71229306242090093398460
172889838050361486987123983410974444531910262
532042101771692102107930894580942944972661973887641607
2020
1498925917761238730157314062320
-30
539042573823137343337765656639368193121912820911124037230874
-61428998793982450308584071743873747549550340774
15976450243468765163715054671158456899501236876540
11814027071872401100463053833763911
2020
53495
-67106193056420449
25
10
2739736952266287522066750
201730819089385579224833465382229
-820836849358114848360138027320160817
161819252727648462509999754125452482559438627596859050464534847815803216415476942
-191487827052710113447951191260431318545802035
-663
1176902546535155669377576490905733355
-139397622699772293
653047546246705039357619562
58768372752775666330385447202561871509263532814433
276907580962643369
1672
-4406921145466017734983065813614259011502651762
1650915357162337953863760519891553028984224005493978678
2030
142698809955782336774258222108
48214352455898751259343701912533495714829429212933
19880627561167400839872930530805879636442316520392116192187835
2025
-7958986637773326380932224629404
-1835033534046247982930449565367527463111464373782864475054322702580576233928730822406107933102
46
-740719000662552325191121123688352984215900808551372
1345976489194192971042683
104724035848801629876174216902094594574133172827
9551219728260471367312815413
8316723958
24225193418904939159170092
281
4686571340315138178755976324205
1433228434729370270427414
2366528332175466178675
117574789831378138268672
6430669438172407569854521188939243502
2020
-3046069974844108366186
20
30
6049590412131900983856844
-8108349510133779220063300325910
28641665992843664108981362103318448745969646949153234907196118096345153
15
10
32546486068533
1253766694210159349195427861458
1038583942386687829721481885
7058540033053313185333029947532
2020
85
8390
326831265742943969852390360811
30
26942018651918738287638050544800531088976
2396925768877176960762079145885621169
592640878799443622060265
115001396649579680698142292184402831258028535296
30215805876212573907084147469664402
1690459168008627719100397500287038474
501809146758140
-1053099617677465941788257009678262385977
39553277892628140853667
821624136761705733584398084113650
13362429232247345519225363355290759589750
-40559062998083685054609
84674899021242740038
167704398783481373960202415152486796504779127406190816328986547478612
-1310500963176055571794
-434853286003013536231471241551
5650730511004653802014157297202783263
433977144798
-5195553246357450586061272122609432460
-5859180582003962097997727926046946932967546619622347773597373701874392
1387367118627371539358455238
707
163
1447014183990565870906727987356738069577987571
17321530223329506330149704048
-6022352151670195165160
1015319641175465543562571290
3370865730937560873490438515667410707419488492822845491517
2865611673568609063387463147146291495
2025
4828165707103107817520768573171290433773
275666618573092847242362118941902806763121
-12590167828483035748282
101639660881910394667885244435335495358827540345
-30
-3787797901903912490
1059681623874538923922268
2020
164
35
3374210
-48887160992003996555437843096850933
-106998440840450553202617297306521856762159507047045780
2615095670076704966257767870523040808151334095270029192445051428
907
26150321187600986891
-2419369569525
1135011927372271781031498761
10
106
-48040879327174175821937638489900612299723613
2617504633140233092956882335152978698298784154535
-241127077229639088518724663101
3878934464739920
-46693995587767716633
16373909491215311757786644380898287652855
95687474070633210
-1199
1501879980804731607074491731527152846008345573143774789
445604
596274179107839708050529684804535582
-548853107227813425684350
1930118960692701336642359717406268263314977570255239570887127517930393
-31144171355469543035898687213166646172597440650959273871934
5570396747867519465720921209863432843183282733440549
25
10121502601461661750229105129648
-1367342955215309662483772623389408
119809881898898846937707207855317959
108199931110482585408999988724177420004
8455802381415625238052257644111908930978563864884997629154653476322446670
816
2010040037811150293914248440
1515931255286334770471636
214586580514112599
31476403448931926977
-27279966082532479055792430960
397878547966479727413413199320268342761777185058
-300
-5106009122083994
-372
-753756606397208951863583246
8472387825393061541521940723
7755377175475408674019532240
976
75709945467469004976093
2040525757631757978771059169824172782812530062479964640210134100
22526621205260776891106300875986458738789974321247259
1349737390747130668
572
2002734683632166440642257407711206744223717396
-1742230526095244760948865613
2034555418757424545578310
371946071419131645463017522416414359797731993435767543
-13835015622076673197414104952783235119845609351799808889
-1869019941335685303439
200899860505140399483875467821795591561786897253044257
82409489125032
19028085322357018919810290
41837
-5
462
94964903053393824270975704108945368614609141
15410857745517339496043345485427989466032065205
11770
348753433883261214968317621131842458772854917523574068271388612975504945677
2025
2589786393577899264
2335870411966089074494551512849481501344904816836062228599826545195611325888381605144141546635279075780615762711032998
13577264870710549441935461433978186175
1300
133486533046038471276022244048521675720
1554341466711107417563299712587759453303
-22817111257058672971057328
1745280
180159
11273705991129375460
-60750
3023019478403180546084669
362
-30
2129334761083122332913911857251003794128954881881
-437644569969717317981283409132317269767
111456652094430129050150841673302101179425175
1211634466501620755809677075587619025779720178341662
-30
20800473711569581283757718826433068
-226327569258364110082940621955074861266029204084914067182908590305235136812400844716830417080770421071
35
5967243464261137145981242469775
44968182765704416202166510325499
-4086187
672
15140302309716635175000
105343310988522956955706357304489909
196523892008240052115753174459168520
1793406662822630306206733136055582528166079094440395937
15
1546060718769651731254227541993646133313
84355643825826383356711867341183136028655262
93230933064684102478913
2020
4613575021408
10
2020
-5393805990250406917141743
2019840287392277554353469583963474446
29553867214409177406348704
8340824855113128319062970144
167863274479630433754166900104376545
-1620806784513765637974
15
1587744500534286674245610379438478013689594
17815599611352249384197238775431808256
32018288111208068291248820441190826923210189026623231298
29972047630970897953
988513129556478639507202999787258
10
2020
26
31557311753105238978
354
1620540825600319568458885838466368460370506
27589327277996581433709819473590239086
134847954230876782621693509340279
47675578853344146908368208423301
281492420678809
238
3636230417452856367977713380
22951451046154558873140408107402626561964525651773594410351922500
141173994903891563237035492231230691076985358271111723186242111446
578634600045771381748021410387793465516087
30
-6542079143242843660475879659611828857057
154776303931303
-1717761297068981790068400135255568505649401262031
9510918933567826829
-2142768961248263647590319055408478691727347201426414631529015946
-283388114369803313030890904628345925342
2154565328627423728976884798382
-3193713286838149393942549557246337394573290
161
60911855468598240472271093530551
37338412345211113534758000444574235136558
1399985384218934630640
20345807745244859383235023
162221254407809
2745959530954580467065612644233667160537091720499786243795068023262765697065533692161893549928837
-460324457358
58626723832719830797369372688990403
1760
2825
1014903647415724942602613606926843584572979148137312128203948947005804580108734216575201453675
831
362491740868142811938785412238
156190272988516830007986993401384118417143
381449404507244273969967730763872385556321646065768753
38027766617456559643158102566808833095448613906764768352030153718818604920292698276760622042995686
2405562750872733652583338610356542994280790827720371
-44159886378917521267191
205617872972914062157372
-700
3024926625384070163717956158255
101
-3934844558234192831769534928415584794331815286459815833
10932455396388363156807385756994899304
-784416047769435946606711565990674370
18038012273222563607340837714774785809503871
-2369518340948714139764155460
-719824448508476
2280014700624588
17393956052721226477138667
57162441181377781553869134353329758801744594753853470531165007959416766899635570521640788936
2294
114030197401311041300235122931130104036255181555961634962676949484547398561326
14793648334707755026287
631
26867431022401102721895439184
-5
9381697089051810152376111016704551754950938454475794889305082128385304
-1748297
0
10
953735050939561688007366314682262590920304299482408225240514459348792176
-132694961818347424780092299
1125
173491281140484267451287
677
140688299353280580838188302018975765
10
-30
199784762668651306416585809970810785730263435534
1448885308265358887197534164688454911768544400720211322690782962
131674268567280627
-18387081373624554313825534808940838862004847
-1326793680600340327914267759567351874987405
2172094673922398223133752494588394573250753726702482378
231456048029287717668252649675433974107385470986466235035760
30055608839235469668376020561821882531685
315
-2630105617289474388169804734662710
1128103808275596136584089981282515182252259129293823259971509600
328008617869543765127609630
20
-202366637733641648012443105070233
10
1294
240190851869834118899541369264582
383
-593446635575388475225353500315116
31314606043058558037503055113430316798742850980604
2020
343701503216524351272568548624036953974138475159048364819373054148
-8137374646875834207082191829391
14211787281672742691939497315973371813727214459201386044876917313998671074
3026284919482901408651
802336095627385733
354
-715
158306998070228405289260267029514111737180564410917172641643037499659236289
-30
3632481497888333460665064860
2683016127904419585015422984093989035485
